4.089191840767327903e+02
4.267493767898643000e+02
4.445704401467827438e+02
4.623839940120171832e+02
4.801910916168770314e+02
4.979923155358864051e+02
5.157878711405031709e+02
5.335776639649360504e+02
5.513614250088024846e+02
5.691387534911785906e+02
5.869090887325227186e+02
6.046717140545652001e+02
6.224257850177042428e+02
6.401703615283225872e+02
6.579044504986570701e+02
6.756270082028894421e+02
6.933369365964034614e+02
7.110330813505802325e+02
7.287142552082033262e+02
7.463792563825320485e+02
7.640268841961318458e+02
7.816559368105906742e+02
7.992652100123411856e+02
8.168535011679102809e+02
8.344196271972009527e+02
8.519624395263371071e+02
8.694808284897983413e+02
8.869737232426459741e+02
9.044400892291605487e+02
9.218789330070650294e+02
9.392893135257462518e+02
9.566703537517580571e+02
9.740212358754741899e+02
9.913412008487945286e+02
1.008629550616150709e+03
1.025885644799987404e+03
1.043108901229721596e+03
1.060298800853759531e+03
1.077454882320645538e+03
1.094576739639323023e+03
1.111664025386024605e+03
1.128716443151181693e+03
1.145733740948882769e+03
1.162715710429437422e+03
1.179662186145642863e+03
1.196573041657326257e+03
1.213448190875323235e+03
1.230287587559674648e+03
1.247091221392620810e+03
1.263859119193678225e+03
1.280591344136405269e+03
1.297287992954049287e+03
1.313949196246358952e+03
1.330575108271092176e+03
1.347165896498714574e+03
1.363721737351282627e+03
1.380242818656151485e+03
1.396729337069730263e+03
1.413181498485069142e+03
1.429599525046436838e+03
1.445983657898212869e+03
1.462334162025944806e+03
1.478651323511942564e+03
1.494935448231389955e+03
1.511186864139217505e+03
1.527405908723096218e+03
1.543592921452404653e+03
1.559748235980077425e+03
1.575872181922642994e+03
1.591965086341705046e+03
